{
 "cells": [
  {
   "cell_type": "code",
   "execution_count": 72,
   "metadata": {},
   "outputs": [],
   "source": [
    "import numpy as np\n",
    "import pandas as pd\n",
    "import dash\n",
    "import dash_core_components as dcc\n",
    "import dash_html_components as html\n",
    "import plotly.express as px\n",
    "from sklearn.linear_model import LinearRegression\n",
    "from sklearn.model_selection import train_test_split\n",
    "from dash.dependencies import Input, Output, State\n",
    "\n"
   ]
  },
  {
   "cell_type": "code",
   "execution_count": 73,
   "metadata": {},
   "outputs": [],
   "source": [
    "result = pd.read_csv('C://pythonworks/miniminiproject/data/buy_2018_base.csv',encoding = 'euc-kr')"
   ]
  },
  {
   "cell_type": "code",
   "execution_count": 78,
   "metadata": {},
   "outputs": [],
   "source": [
    "pie = result.iloc[:,[4,5]]"
   ]
  },
  {
   "cell_type": "code",
   "execution_count": 88,
   "metadata": {},
   "outputs": [],
   "source": [
    "a=pie.groupby('sm_pr').sum().reset_index()"
   ]
  },
  {
   "cell_type": "code",
   "execution_count": 94,
   "metadata": {},
   "outputs": [
    {
     "data": {
      "text/html": [
       "<div>\n",
       "<style scoped>\n",
       "    .dataframe tbody tr th:only-of-type {\n",
       "        vertical-align: middle;\n",
       "    }\n",
       "\n",
       "    .dataframe tbody tr th {\n",
       "        vertical-align: top;\n",
       "    }\n",
       "\n",
       "    .dataframe thead th {\n",
       "        text-align: right;\n",
       "    }\n",
       "</style>\n",
       "<table border=\"1\" class=\"dataframe\">\n",
       "  <thead>\n",
       "    <tr style=\"text-align: right;\">\n",
       "      <th></th>\n",
       "      <th>sm_pr</th>\n",
       "      <th>quant</th>\n",
       "    </tr>\n",
       "  </thead>\n",
       "  <tbody>\n",
       "    <tr>\n",
       "      <th>174</th>\n",
       "      <td>커피음료</td>\n",
       "      <td>643497</td>\n",
       "    </tr>\n",
       "    <tr>\n",
       "      <th>105</th>\n",
       "      <td>생수</td>\n",
       "      <td>571837</td>\n",
       "    </tr>\n",
       "    <tr>\n",
       "      <th>210</th>\n",
       "      <td>회</td>\n",
       "      <td>464087</td>\n",
       "    </tr>\n",
       "    <tr>\n",
       "      <th>151</th>\n",
       "      <td>인스턴트커피</td>\n",
       "      <td>338112</td>\n",
       "    </tr>\n",
       "    <tr>\n",
       "      <th>116</th>\n",
       "      <td>쌀</td>\n",
       "      <td>320478</td>\n",
       "    </tr>\n",
       "    <tr>\n",
       "      <th>67</th>\n",
       "      <td>두유</td>\n",
       "      <td>309509</td>\n",
       "    </tr>\n",
       "    <tr>\n",
       "      <th>66</th>\n",
       "      <td>돼지 곱창</td>\n",
       "      <td>256031</td>\n",
       "    </tr>\n",
       "    <tr>\n",
       "      <th>6</th>\n",
       "      <td>감귤/한라봉/오렌지</td>\n",
       "      <td>243312</td>\n",
       "    </tr>\n",
       "    <tr>\n",
       "      <th>181</th>\n",
       "      <td>탄산음료</td>\n",
       "      <td>237189</td>\n",
       "    </tr>\n",
       "    <tr>\n",
       "      <th>97</th>\n",
       "      <td>비타민</td>\n",
       "      <td>236052</td>\n",
       "    </tr>\n",
       "    <tr>\n",
       "      <th>211</th>\n",
       "      <td>흰우유</td>\n",
       "      <td>223065</td>\n",
       "    </tr>\n",
       "    <tr>\n",
       "      <th>169</th>\n",
       "      <td>카페 푸드</td>\n",
       "      <td>220013</td>\n",
       "    </tr>\n",
       "    <tr>\n",
       "      <th>205</th>\n",
       "      <td>홍삼액/홍삼정</td>\n",
       "      <td>189446</td>\n",
       "    </tr>\n",
       "    <tr>\n",
       "      <th>59</th>\n",
       "      <td>다이어트보조식</td>\n",
       "      <td>188533</td>\n",
       "    </tr>\n",
       "    <tr>\n",
       "      <th>146</th>\n",
       "      <td>유제품 음료</td>\n",
       "      <td>184279</td>\n",
       "    </tr>\n",
       "    <tr>\n",
       "      <th>62</th>\n",
       "      <td>닭가슴살</td>\n",
       "      <td>171840</td>\n",
       "    </tr>\n",
       "    <tr>\n",
       "      <th>190</th>\n",
       "      <td>한방 분말/환제품</td>\n",
       "      <td>169599</td>\n",
       "    </tr>\n",
       "    <tr>\n",
       "      <th>188</th>\n",
       "      <td>프로바이오틱스</td>\n",
       "      <td>147693</td>\n",
       "    </tr>\n",
       "    <tr>\n",
       "      <th>44</th>\n",
       "      <td>과채 음료/주스</td>\n",
       "      <td>138105</td>\n",
       "    </tr>\n",
       "    <tr>\n",
       "      <th>91</th>\n",
       "      <td>배추김치</td>\n",
       "      <td>126573</td>\n",
       "    </tr>\n",
       "    <tr>\n",
       "      <th>143</th>\n",
       "      <td>원두커피</td>\n",
       "      <td>118933</td>\n",
       "    </tr>\n",
       "    <tr>\n",
       "      <th>53</th>\n",
       "      <td>김치류</td>\n",
       "      <td>106687</td>\n",
       "    </tr>\n",
       "    <tr>\n",
       "      <th>141</th>\n",
       "      <td>요거트/발효유</td>\n",
       "      <td>93453</td>\n",
       "    </tr>\n",
       "    <tr>\n",
       "      <th>35</th>\n",
       "      <td>계란</td>\n",
       "      <td>92284</td>\n",
       "    </tr>\n",
       "    <tr>\n",
       "      <th>180</th>\n",
       "      <td>탄산수</td>\n",
       "      <td>89696</td>\n",
       "    </tr>\n",
       "    <tr>\n",
       "      <th>86</th>\n",
       "      <td>바나나/파인애플/망고</td>\n",
       "      <td>89632</td>\n",
       "    </tr>\n",
       "    <tr>\n",
       "      <th>94</th>\n",
       "      <td>복분자/석류/과실즙</td>\n",
       "      <td>88401</td>\n",
       "    </tr>\n",
       "    <tr>\n",
       "      <th>196</th>\n",
       "      <td>허브차</td>\n",
       "      <td>87291</td>\n",
       "    </tr>\n",
       "    <tr>\n",
       "      <th>110</th>\n",
       "      <td>수산 생물</td>\n",
       "      <td>83237</td>\n",
       "    </tr>\n",
       "    <tr>\n",
       "      <th>120</th>\n",
       "      <td>야채/호박즙</td>\n",
       "      <td>81319</td>\n",
       "    </tr>\n",
       "    <tr>\n",
       "      <th>...</th>\n",
       "      <td>...</td>\n",
       "      <td>...</td>\n",
       "    </tr>\n",
       "    <tr>\n",
       "      <th>155</th>\n",
       "      <td>장조림/카레용 돈육</td>\n",
       "      <td>4323</td>\n",
       "    </tr>\n",
       "    <tr>\n",
       "      <th>184</th>\n",
       "      <td>파김치</td>\n",
       "      <td>4273</td>\n",
       "    </tr>\n",
       "    <tr>\n",
       "      <th>144</th>\n",
       "      <td>윙봉/닭다리/날개</td>\n",
       "      <td>4248</td>\n",
       "    </tr>\n",
       "    <tr>\n",
       "      <th>17</th>\n",
       "      <td>건어물 노가리</td>\n",
       "      <td>4138</td>\n",
       "    </tr>\n",
       "    <tr>\n",
       "      <th>125</th>\n",
       "      <td>어란(생선알)</td>\n",
       "      <td>4117</td>\n",
       "    </tr>\n",
       "    <tr>\n",
       "      <th>203</th>\n",
       "      <td>홍삼 음료</td>\n",
       "      <td>3914</td>\n",
       "    </tr>\n",
       "    <tr>\n",
       "      <th>32</th>\n",
       "      <td>견과류 캐슈넛</td>\n",
       "      <td>3761</td>\n",
       "    </tr>\n",
       "    <tr>\n",
       "      <th>78</th>\n",
       "      <td>무/배추</td>\n",
       "      <td>3701</td>\n",
       "    </tr>\n",
       "    <tr>\n",
       "      <th>121</th>\n",
       "      <td>양념 돈육</td>\n",
       "      <td>3567</td>\n",
       "    </tr>\n",
       "    <tr>\n",
       "      <th>84</th>\n",
       "      <td>믹스 채소</td>\n",
       "      <td>3370</td>\n",
       "    </tr>\n",
       "    <tr>\n",
       "      <th>178</th>\n",
       "      <td>클로렐라 영양제</td>\n",
       "      <td>3305</td>\n",
       "    </tr>\n",
       "    <tr>\n",
       "      <th>137</th>\n",
       "      <td>옥돔</td>\n",
       "      <td>3161</td>\n",
       "    </tr>\n",
       "    <tr>\n",
       "      <th>14</th>\n",
       "      <td>건망고</td>\n",
       "      <td>3066</td>\n",
       "    </tr>\n",
       "    <tr>\n",
       "      <th>167</th>\n",
       "      <td>초유 영양제</td>\n",
       "      <td>2962</td>\n",
       "    </tr>\n",
       "    <tr>\n",
       "      <th>33</th>\n",
       "      <td>견과류 피스타치오</td>\n",
       "      <td>2903</td>\n",
       "    </tr>\n",
       "    <tr>\n",
       "      <th>82</th>\n",
       "      <td>미나리</td>\n",
       "      <td>2808</td>\n",
       "    </tr>\n",
       "    <tr>\n",
       "      <th>61</th>\n",
       "      <td>닭 양념육</td>\n",
       "      <td>2636</td>\n",
       "    </tr>\n",
       "    <tr>\n",
       "      <th>92</th>\n",
       "      <td>백김치</td>\n",
       "      <td>2533</td>\n",
       "    </tr>\n",
       "    <tr>\n",
       "      <th>207</th>\n",
       "      <td>홍어</td>\n",
       "      <td>2426</td>\n",
       "    </tr>\n",
       "    <tr>\n",
       "      <th>197</th>\n",
       "      <td>헛개/가시오가피</td>\n",
       "      <td>2207</td>\n",
       "    </tr>\n",
       "    <tr>\n",
       "      <th>3</th>\n",
       "      <td>갈비용 우육</td>\n",
       "      <td>1584</td>\n",
       "    </tr>\n",
       "    <tr>\n",
       "      <th>16</th>\n",
       "      <td>건어물 건새우</td>\n",
       "      <td>1157</td>\n",
       "    </tr>\n",
       "    <tr>\n",
       "      <th>142</th>\n",
       "      <td>우엉/연근</td>\n",
       "      <td>1040</td>\n",
       "    </tr>\n",
       "    <tr>\n",
       "      <th>200</th>\n",
       "      <td>혼합곡</td>\n",
       "      <td>1025</td>\n",
       "    </tr>\n",
       "    <tr>\n",
       "      <th>173</th>\n",
       "      <td>커피용 프림</td>\n",
       "      <td>969</td>\n",
       "    </tr>\n",
       "    <tr>\n",
       "      <th>45</th>\n",
       "      <td>구이/수육용 돈육</td>\n",
       "      <td>574</td>\n",
       "    </tr>\n",
       "    <tr>\n",
       "      <th>100</th>\n",
       "      <td>상황버섯</td>\n",
       "      <td>542</td>\n",
       "    </tr>\n",
       "    <tr>\n",
       "      <th>132</th>\n",
       "      <td>영지버섯</td>\n",
       "      <td>426</td>\n",
       "    </tr>\n",
       "    <tr>\n",
       "      <th>74</th>\n",
       "      <td>마/야콘</td>\n",
       "      <td>289</td>\n",
       "    </tr>\n",
       "    <tr>\n",
       "      <th>43</th>\n",
       "      <td>과일채소 분말/분태</td>\n",
       "      <td>172</td>\n",
       "    </tr>\n",
       "  </tbody>\n",
       "</table>\n",
       "<p>212 rows × 2 columns</p>\n",
       "</div>"
      ],
      "text/plain": [
       "           sm_pr   quant\n",
       "174         커피음료  643497\n",
       "105           생수  571837\n",
       "210            회  464087\n",
       "151       인스턴트커피  338112\n",
       "116            쌀  320478\n",
       "67            두유  309509\n",
       "66         돼지 곱창  256031\n",
       "6     감귤/한라봉/오렌지  243312\n",
       "181         탄산음료  237189\n",
       "97           비타민  236052\n",
       "211          흰우유  223065\n",
       "169        카페 푸드  220013\n",
       "205      홍삼액/홍삼정  189446\n",
       "59       다이어트보조식  188533\n",
       "146       유제품 음료  184279\n",
       "62          닭가슴살  171840\n",
       "190    한방 분말/환제품  169599\n",
       "188      프로바이오틱스  147693\n",
       "44      과채 음료/주스  138105\n",
       "91          배추김치  126573\n",
       "143         원두커피  118933\n",
       "53           김치류  106687\n",
       "141      요거트/발효유   93453\n",
       "35            계란   92284\n",
       "180          탄산수   89696\n",
       "86   바나나/파인애플/망고   89632\n",
       "94    복분자/석류/과실즙   88401\n",
       "196          허브차   87291\n",
       "110        수산 생물   83237\n",
       "120       야채/호박즙   81319\n",
       "..           ...     ...\n",
       "155   장조림/카레용 돈육    4323\n",
       "184          파김치    4273\n",
       "144    윙봉/닭다리/날개    4248\n",
       "17       건어물 노가리    4138\n",
       "125      어란(생선알)    4117\n",
       "203        홍삼 음료    3914\n",
       "32       견과류 캐슈넛    3761\n",
       "78          무/배추    3701\n",
       "121        양념 돈육    3567\n",
       "84         믹스 채소    3370\n",
       "178     클로렐라 영양제    3305\n",
       "137           옥돔    3161\n",
       "14           건망고    3066\n",
       "167       초유 영양제    2962\n",
       "33     견과류 피스타치오    2903\n",
       "82           미나리    2808\n",
       "61         닭 양념육    2636\n",
       "92           백김치    2533\n",
       "207           홍어    2426\n",
       "197     헛개/가시오가피    2207\n",
       "3         갈비용 우육    1584\n",
       "16       건어물 건새우    1157\n",
       "142        우엉/연근    1040\n",
       "200          혼합곡    1025\n",
       "173       커피용 프림     969\n",
       "45     구이/수육용 돈육     574\n",
       "100         상황버섯     542\n",
       "132         영지버섯     426\n",
       "74          마/야콘     289\n",
       "43    과일채소 분말/분태     172\n",
       "\n",
       "[212 rows x 2 columns]"
      ]
     },
     "execution_count": 94,
     "metadata": {},
     "output_type": "execute_result"
    }
   ],
   "source": [
    "a.sort_values('quant',ascending=False)"
   ]
  },
  {
   "cell_type": "code",
   "execution_count": 80,
   "metadata": {},
   "outputs": [],
   "source": [
    "fig = px.pie(pie,names = pie.sm_pr)"
   ]
  },
  {
   "cell_type": "code",
   "execution_count": 81,
   "metadata": {},
   "outputs": [
    {
     "ename": "AttributeError",
     "evalue": "'Figure' object has no attribute 'out'",
     "output_type": "error",
     "traceback": [
      "\u001b[1;31m---------------------------------------------------------------------------\u001b[0m",
      "\u001b[1;31mAttributeError\u001b[0m                            Traceback (most recent call last)",
      "\u001b[1;32m<ipython-input-81-72121694f26d>\u001b[0m in \u001b[0;36m<module>\u001b[1;34m\u001b[0m\n\u001b[1;32m----> 1\u001b[1;33m \u001b[0mfig\u001b[0m\u001b[1;33m.\u001b[0m\u001b[0mout\u001b[0m\u001b[1;33m\u001b[0m\u001b[1;33m\u001b[0m\u001b[0m\n\u001b[0m",
      "\u001b[1;31mAttributeError\u001b[0m: 'Figure' object has no attribute 'out'"
     ]
    }
   ],
   "source": [
    "fig.out"
   ]
  },
  {
   "cell_type": "code",
   "execution_count": 7,
   "metadata": {},
   "outputs": [
    {
     "data": {
      "text/plain": [
       "Index(['평균기온', '최저기온', '최고기온', '강수계속시간', '일강수량', '최대풍속', '평균풍속', '최소상대습도',\n",
       "       '평균상대습도', '평균증기압', '가조시간', '합계일조시간', '합계일사량', '평균중하층운량', '평균지면온도',\n",
       "       '합계대형증발량', '합계소형증발량', 'PM10'],\n",
       "      dtype='object')"
      ]
     },
     "execution_count": 7,
     "metadata": {},
     "output_type": "execute_result"
    }
   ],
   "source": [
    "result.columns[6:-1]"
   ]
  },
  {
   "cell_type": "code",
   "execution_count": 21,
   "metadata": {},
   "outputs": [],
   "source": [
    "a = [{'label':i,'value':i} for i in result.columns[6:-1]]"
   ]
  },
  {
   "cell_type": "code",
   "execution_count": 22,
   "metadata": {},
   "outputs": [
    {
     "data": {
      "text/plain": [
       "[{'label': '평균기온', 'value': '평균기온'},\n",
       " {'label': '최저기온', 'value': '최저기온'},\n",
       " {'label': '최고기온', 'value': '최고기온'},\n",
       " {'label': '강수계속시간', 'value': '강수계속시간'},\n",
       " {'label': '일강수량', 'value': '일강수량'},\n",
       " {'label': '최대풍속', 'value': '최대풍속'},\n",
       " {'label': '평균풍속', 'value': '평균풍속'},\n",
       " {'label': '최소상대습도', 'value': '최소상대습도'},\n",
       " {'label': '평균상대습도', 'value': '평균상대습도'},\n",
       " {'label': '평균증기압', 'value': '평균증기압'},\n",
       " {'label': '가조시간', 'value': '가조시간'},\n",
       " {'label': '합계일조시간', 'value': '합계일조시간'},\n",
       " {'label': '합계일사량', 'value': '합계일사량'},\n",
       " {'label': '평균중하층운량', 'value': '평균중하층운량'},\n",
       " {'label': '평균지면온도', 'value': '평균지면온도'},\n",
       " {'label': '합계대형증발량', 'value': '합계대형증발량'},\n",
       " {'label': '합계소형증발량', 'value': '합계소형증발량'},\n",
       " {'label': 'PM10', 'value': 'PM10'}]"
      ]
     },
     "execution_count": 22,
     "metadata": {},
     "output_type": "execute_result"
    }
   ],
   "source": [
    "a"
   ]
  },
  {
   "cell_type": "code",
   "execution_count": 29,
   "metadata": {},
   "outputs": [],
   "source": [
    "fig = px.scatter(result,x='평균기온',y='최저기온')"
   ]
  },
  {
   "cell_type": "code",
   "execution_count": 44,
   "metadata": {},
   "outputs": [
    {
     "data": {
      "text/html": [
       "<div>\n",
       "<style scoped>\n",
       "    .dataframe tbody tr th:only-of-type {\n",
       "        vertical-align: middle;\n",
       "    }\n",
       "\n",
       "    .dataframe tbody tr th {\n",
       "        vertical-align: top;\n",
       "    }\n",
       "\n",
       "    .dataframe thead th {\n",
       "        text-align: right;\n",
       "    }\n",
       "</style>\n",
       "<table border=\"1\" class=\"dataframe\">\n",
       "  <thead>\n",
       "    <tr style=\"text-align: right;\">\n",
       "      <th></th>\n",
       "      <th>평균기온</th>\n",
       "      <th>최저기온</th>\n",
       "      <th>최고기온</th>\n",
       "      <th>강수계속시간</th>\n",
       "      <th>일강수량</th>\n",
       "      <th>최대풍속</th>\n",
       "      <th>평균풍속</th>\n",
       "      <th>최소상대습도</th>\n",
       "      <th>평균상대습도</th>\n",
       "      <th>평균증기압</th>\n",
       "      <th>가조시간</th>\n",
       "      <th>합계일조시간</th>\n",
       "      <th>합계일사량</th>\n",
       "      <th>평균중하층운량</th>\n",
       "      <th>평균지면온도</th>\n",
       "      <th>합계대형증발량</th>\n",
       "      <th>합계소형증발량</th>\n",
       "      <th>PM10</th>\n",
       "    </tr>\n",
       "  </thead>\n",
       "  <tbody>\n",
       "    <tr>\n",
       "      <th>평균기온</th>\n",
       "      <td>1.000000</td>\n",
       "      <td>0.991445</td>\n",
       "      <td>0.991503</td>\n",
       "      <td>0.098994</td>\n",
       "      <td>0.181364</td>\n",
       "      <td>-0.151705</td>\n",
       "      <td>-0.154127</td>\n",
       "      <td>0.558509</td>\n",
       "      <td>0.574237</td>\n",
       "      <td>0.929535</td>\n",
       "      <td>0.829407</td>\n",
       "      <td>0.084330</td>\n",
       "      <td>0.514780</td>\n",
       "      <td>0.209565</td>\n",
       "      <td>0.986032</td>\n",
       "      <td>0.692666</td>\n",
       "      <td>0.693142</td>\n",
       "      <td>-0.248731</td>\n",
       "    </tr>\n",
       "    <tr>\n",
       "      <th>최저기온</th>\n",
       "      <td>0.991445</td>\n",
       "      <td>1.000000</td>\n",
       "      <td>0.968961</td>\n",
       "      <td>0.174548</td>\n",
       "      <td>0.236280</td>\n",
       "      <td>-0.121937</td>\n",
       "      <td>-0.113895</td>\n",
       "      <td>0.625686</td>\n",
       "      <td>0.623769</td>\n",
       "      <td>0.951118</td>\n",
       "      <td>0.819128</td>\n",
       "      <td>0.005895</td>\n",
       "      <td>0.442733</td>\n",
       "      <td>0.283630</td>\n",
       "      <td>0.978177</td>\n",
       "      <td>0.630870</td>\n",
       "      <td>0.631322</td>\n",
       "      <td>-0.299753</td>\n",
       "    </tr>\n",
       "    <tr>\n",
       "      <th>최고기온</th>\n",
       "      <td>0.991503</td>\n",
       "      <td>0.968961</td>\n",
       "      <td>1.000000</td>\n",
       "      <td>0.013801</td>\n",
       "      <td>0.121054</td>\n",
       "      <td>-0.188718</td>\n",
       "      <td>-0.199193</td>\n",
       "      <td>0.478166</td>\n",
       "      <td>0.517314</td>\n",
       "      <td>0.894802</td>\n",
       "      <td>0.824764</td>\n",
       "      <td>0.176399</td>\n",
       "      <td>0.586170</td>\n",
       "      <td>0.114361</td>\n",
       "      <td>0.979623</td>\n",
       "      <td>0.744870</td>\n",
       "      <td>0.745307</td>\n",
       "      <td>-0.191708</td>\n",
       "    </tr>\n",
       "    <tr>\n",
       "      <th>강수계속시간</th>\n",
       "      <td>0.098994</td>\n",
       "      <td>0.174548</td>\n",
       "      <td>0.013801</td>\n",
       "      <td>1.000000</td>\n",
       "      <td>0.791620</td>\n",
       "      <td>0.258608</td>\n",
       "      <td>0.216656</td>\n",
       "      <td>0.673910</td>\n",
       "      <td>0.653946</td>\n",
       "      <td>0.232192</td>\n",
       "      <td>0.139039</td>\n",
       "      <td>-0.734401</td>\n",
       "      <td>-0.539315</td>\n",
       "      <td>0.743378</td>\n",
       "      <td>0.052615</td>\n",
       "      <td>-0.419772</td>\n",
       "      <td>-0.419313</td>\n",
       "      <td>-0.319768</td>\n",
       "    </tr>\n",
       "    <tr>\n",
       "      <th>일강수량</th>\n",
       "      <td>0.181364</td>\n",
       "      <td>0.236280</td>\n",
       "      <td>0.121054</td>\n",
       "      <td>0.791620</td>\n",
       "      <td>1.000000</td>\n",
       "      <td>0.226137</td>\n",
       "      <td>0.136794</td>\n",
       "      <td>0.585312</td>\n",
       "      <td>0.554996</td>\n",
       "      <td>0.304624</td>\n",
       "      <td>0.180424</td>\n",
       "      <td>-0.517782</td>\n",
       "      <td>-0.368077</td>\n",
       "      <td>0.536074</td>\n",
       "      <td>0.137682</td>\n",
       "      <td>-0.273638</td>\n",
       "      <td>-0.272771</td>\n",
       "      <td>-0.287068</td>\n",
       "    </tr>\n",
       "    <tr>\n",
       "      <th>최대풍속</th>\n",
       "      <td>-0.151705</td>\n",
       "      <td>-0.121937</td>\n",
       "      <td>-0.188718</td>\n",
       "      <td>0.258608</td>\n",
       "      <td>0.226137</td>\n",
       "      <td>1.000000</td>\n",
       "      <td>0.881879</td>\n",
       "      <td>-0.015311</td>\n",
       "      <td>-0.110614</td>\n",
       "      <td>-0.112024</td>\n",
       "      <td>0.038099</td>\n",
       "      <td>-0.052353</td>\n",
       "      <td>-0.057740</td>\n",
       "      <td>0.172527</td>\n",
       "      <td>-0.120598</td>\n",
       "      <td>-0.011702</td>\n",
       "      <td>-0.011592</td>\n",
       "      <td>-0.246470</td>\n",
       "    </tr>\n",
       "    <tr>\n",
       "      <th>평균풍속</th>\n",
       "      <td>-0.154127</td>\n",
       "      <td>-0.113895</td>\n",
       "      <td>-0.199193</td>\n",
       "      <td>0.216656</td>\n",
       "      <td>0.136794</td>\n",
       "      <td>0.881879</td>\n",
       "      <td>1.000000</td>\n",
       "      <td>-0.014663</td>\n",
       "      <td>-0.169059</td>\n",
       "      <td>-0.101554</td>\n",
       "      <td>0.071353</td>\n",
       "      <td>-0.027070</td>\n",
       "      <td>-0.020263</td>\n",
       "      <td>0.145119</td>\n",
       "      <td>-0.103934</td>\n",
       "      <td>0.011771</td>\n",
       "      <td>0.011771</td>\n",
       "      <td>-0.345045</td>\n",
       "    </tr>\n",
       "    <tr>\n",
       "      <th>최소상대습도</th>\n",
       "      <td>0.558509</td>\n",
       "      <td>0.625686</td>\n",
       "      <td>0.478166</td>\n",
       "      <td>0.673910</td>\n",
       "      <td>0.585312</td>\n",
       "      <td>-0.015311</td>\n",
       "      <td>-0.014663</td>\n",
       "      <td>1.000000</td>\n",
       "      <td>0.916292</td>\n",
       "      <td>0.693300</td>\n",
       "      <td>0.445722</td>\n",
       "      <td>-0.581283</td>\n",
       "      <td>-0.226846</td>\n",
       "      <td>0.756550</td>\n",
       "      <td>0.513563</td>\n",
       "      <td>-0.090517</td>\n",
       "      <td>-0.089878</td>\n",
       "      <td>-0.373556</td>\n",
       "    </tr>\n",
       "    <tr>\n",
       "      <th>평균상대습도</th>\n",
       "      <td>0.574237</td>\n",
       "      <td>0.623769</td>\n",
       "      <td>0.517314</td>\n",
       "      <td>0.653946</td>\n",
       "      <td>0.554996</td>\n",
       "      <td>-0.110614</td>\n",
       "      <td>-0.169059</td>\n",
       "      <td>0.916292</td>\n",
       "      <td>1.000000</td>\n",
       "      <td>0.653580</td>\n",
       "      <td>0.433446</td>\n",
       "      <td>-0.524142</td>\n",
       "      <td>-0.176351</td>\n",
       "      <td>0.700541</td>\n",
       "      <td>0.512513</td>\n",
       "      <td>-0.064500</td>\n",
       "      <td>-0.063929</td>\n",
       "      <td>-0.213867</td>\n",
       "    </tr>\n",
       "    <tr>\n",
       "      <th>평균증기압</th>\n",
       "      <td>0.929535</td>\n",
       "      <td>0.951118</td>\n",
       "      <td>0.894802</td>\n",
       "      <td>0.232192</td>\n",
       "      <td>0.304624</td>\n",
       "      <td>-0.112024</td>\n",
       "      <td>-0.101554</td>\n",
       "      <td>0.693300</td>\n",
       "      <td>0.653580</td>\n",
       "      <td>1.000000</td>\n",
       "      <td>0.769160</td>\n",
       "      <td>-0.041482</td>\n",
       "      <td>0.344304</td>\n",
       "      <td>0.329981</td>\n",
       "      <td>0.931368</td>\n",
       "      <td>0.520374</td>\n",
       "      <td>0.520966</td>\n",
       "      <td>-0.357997</td>\n",
       "    </tr>\n",
       "    <tr>\n",
       "      <th>가조시간</th>\n",
       "      <td>0.829407</td>\n",
       "      <td>0.819128</td>\n",
       "      <td>0.824764</td>\n",
       "      <td>0.139039</td>\n",
       "      <td>0.180424</td>\n",
       "      <td>0.038099</td>\n",
       "      <td>0.071353</td>\n",
       "      <td>0.445722</td>\n",
       "      <td>0.433446</td>\n",
       "      <td>0.769160</td>\n",
       "      <td>1.000000</td>\n",
       "      <td>0.132722</td>\n",
       "      <td>0.625699</td>\n",
       "      <td>0.190557</td>\n",
       "      <td>0.858912</td>\n",
       "      <td>0.715572</td>\n",
       "      <td>0.716338</td>\n",
       "      <td>-0.227157</td>\n",
       "    </tr>\n",
       "    <tr>\n",
       "      <th>합계일조시간</th>\n",
       "      <td>0.084330</td>\n",
       "      <td>0.005895</td>\n",
       "      <td>0.176399</td>\n",
       "      <td>-0.734401</td>\n",
       "      <td>-0.517782</td>\n",
       "      <td>-0.052353</td>\n",
       "      <td>-0.027070</td>\n",
       "      <td>-0.581283</td>\n",
       "      <td>-0.524142</td>\n",
       "      <td>-0.041482</td>\n",
       "      <td>0.132722</td>\n",
       "      <td>1.000000</td>\n",
       "      <td>0.816203</td>\n",
       "      <td>-0.840008</td>\n",
       "      <td>0.167759</td>\n",
       "      <td>0.686421</td>\n",
       "      <td>0.686199</td>\n",
       "      <td>0.121753</td>\n",
       "    </tr>\n",
       "    <tr>\n",
       "      <th>합계일사량</th>\n",
       "      <td>0.514780</td>\n",
       "      <td>0.442733</td>\n",
       "      <td>0.586170</td>\n",
       "      <td>-0.539315</td>\n",
       "      <td>-0.368077</td>\n",
       "      <td>-0.057740</td>\n",
       "      <td>-0.020263</td>\n",
       "      <td>-0.226846</td>\n",
       "      <td>-0.176351</td>\n",
       "      <td>0.344304</td>\n",
       "      <td>0.625699</td>\n",
       "      <td>0.816203</td>\n",
       "      <td>1.000000</td>\n",
       "      <td>-0.528548</td>\n",
       "      <td>0.586644</td>\n",
       "      <td>0.938820</td>\n",
       "      <td>0.938790</td>\n",
       "      <td>0.021719</td>\n",
       "    </tr>\n",
       "    <tr>\n",
       "      <th>평균중하층운량</th>\n",
       "      <td>0.209565</td>\n",
       "      <td>0.283630</td>\n",
       "      <td>0.114361</td>\n",
       "      <td>0.743378</td>\n",
       "      <td>0.536074</td>\n",
       "      <td>0.172527</td>\n",
       "      <td>0.145119</td>\n",
       "      <td>0.756550</td>\n",
       "      <td>0.700541</td>\n",
       "      <td>0.329981</td>\n",
       "      <td>0.190557</td>\n",
       "      <td>-0.840008</td>\n",
       "      <td>-0.528548</td>\n",
       "      <td>1.000000</td>\n",
       "      <td>0.146630</td>\n",
       "      <td>-0.380871</td>\n",
       "      <td>-0.380023</td>\n",
       "      <td>-0.222493</td>\n",
       "    </tr>\n",
       "    <tr>\n",
       "      <th>평균지면온도</th>\n",
       "      <td>0.986032</td>\n",
       "      <td>0.978177</td>\n",
       "      <td>0.979623</td>\n",
       "      <td>0.052615</td>\n",
       "      <td>0.137682</td>\n",
       "      <td>-0.120598</td>\n",
       "      <td>-0.103934</td>\n",
       "      <td>0.513563</td>\n",
       "      <td>0.512513</td>\n",
       "      <td>0.931368</td>\n",
       "      <td>0.858912</td>\n",
       "      <td>0.167759</td>\n",
       "      <td>0.586644</td>\n",
       "      <td>0.146630</td>\n",
       "      <td>1.000000</td>\n",
       "      <td>0.749040</td>\n",
       "      <td>0.749394</td>\n",
       "      <td>-0.283255</td>\n",
       "    </tr>\n",
       "    <tr>\n",
       "      <th>합계대형증발량</th>\n",
       "      <td>0.692666</td>\n",
       "      <td>0.630870</td>\n",
       "      <td>0.744870</td>\n",
       "      <td>-0.419772</td>\n",
       "      <td>-0.273638</td>\n",
       "      <td>-0.011702</td>\n",
       "      <td>0.011771</td>\n",
       "      <td>-0.090517</td>\n",
       "      <td>-0.064500</td>\n",
       "      <td>0.520374</td>\n",
       "      <td>0.715572</td>\n",
       "      <td>0.686421</td>\n",
       "      <td>0.938820</td>\n",
       "      <td>-0.380871</td>\n",
       "      <td>0.749040</td>\n",
       "      <td>1.000000</td>\n",
       "      <td>0.999958</td>\n",
       "      <td>-0.051641</td>\n",
       "    </tr>\n",
       "    <tr>\n",
       "      <th>합계소형증발량</th>\n",
       "      <td>0.693142</td>\n",
       "      <td>0.631322</td>\n",
       "      <td>0.745307</td>\n",
       "      <td>-0.419313</td>\n",
       "      <td>-0.272771</td>\n",
       "      <td>-0.011592</td>\n",
       "      <td>0.011771</td>\n",
       "      <td>-0.089878</td>\n",
       "      <td>-0.063929</td>\n",
       "      <td>0.520966</td>\n",
       "      <td>0.716338</td>\n",
       "      <td>0.686199</td>\n",
       "      <td>0.938790</td>\n",
       "      <td>-0.380023</td>\n",
       "      <td>0.749394</td>\n",
       "      <td>0.999958</td>\n",
       "      <td>1.000000</td>\n",
       "      <td>-0.050728</td>\n",
       "    </tr>\n",
       "    <tr>\n",
       "      <th>PM10</th>\n",
       "      <td>-0.248731</td>\n",
       "      <td>-0.299753</td>\n",
       "      <td>-0.191708</td>\n",
       "      <td>-0.319768</td>\n",
       "      <td>-0.287068</td>\n",
       "      <td>-0.246470</td>\n",
       "      <td>-0.345045</td>\n",
       "      <td>-0.373556</td>\n",
       "      <td>-0.213867</td>\n",
       "      <td>-0.357997</td>\n",
       "      <td>-0.227157</td>\n",
       "      <td>0.121753</td>\n",
       "      <td>0.021719</td>\n",
       "      <td>-0.222493</td>\n",
       "      <td>-0.283255</td>\n",
       "      <td>-0.051641</td>\n",
       "      <td>-0.050728</td>\n",
       "      <td>1.000000</td>\n",
       "    </tr>\n",
       "  </tbody>\n",
       "</table>\n",
       "</div>"
      ],
      "text/plain": [
       "             평균기온      최저기온      최고기온    강수계속시간      일강수량      최대풍속      평균풍속  \\\n",
       "평균기온     1.000000  0.991445  0.991503  0.098994  0.181364 -0.151705 -0.154127   \n",
       "최저기온     0.991445  1.000000  0.968961  0.174548  0.236280 -0.121937 -0.113895   \n",
       "최고기온     0.991503  0.968961  1.000000  0.013801  0.121054 -0.188718 -0.199193   \n",
       "강수계속시간   0.098994  0.174548  0.013801  1.000000  0.791620  0.258608  0.216656   \n",
       "일강수량     0.181364  0.236280  0.121054  0.791620  1.000000  0.226137  0.136794   \n",
       "최대풍속    -0.151705 -0.121937 -0.188718  0.258608  0.226137  1.000000  0.881879   \n",
       "평균풍속    -0.154127 -0.113895 -0.199193  0.216656  0.136794  0.881879  1.000000   \n",
       "최소상대습도   0.558509  0.625686  0.478166  0.673910  0.585312 -0.015311 -0.014663   \n",
       "평균상대습도   0.574237  0.623769  0.517314  0.653946  0.554996 -0.110614 -0.169059   \n",
       "평균증기압    0.929535  0.951118  0.894802  0.232192  0.304624 -0.112024 -0.101554   \n",
       "가조시간     0.829407  0.819128  0.824764  0.139039  0.180424  0.038099  0.071353   \n",
       "합계일조시간   0.084330  0.005895  0.176399 -0.734401 -0.517782 -0.052353 -0.027070   \n",
       "합계일사량    0.514780  0.442733  0.586170 -0.539315 -0.368077 -0.057740 -0.020263   \n",
       "평균중하층운량  0.209565  0.283630  0.114361  0.743378  0.536074  0.172527  0.145119   \n",
       "평균지면온도   0.986032  0.978177  0.979623  0.052615  0.137682 -0.120598 -0.103934   \n",
       "합계대형증발량  0.692666  0.630870  0.744870 -0.419772 -0.273638 -0.011702  0.011771   \n",
       "합계소형증발량  0.693142  0.631322  0.745307 -0.419313 -0.272771 -0.011592  0.011771   \n",
       "PM10    -0.248731 -0.299753 -0.191708 -0.319768 -0.287068 -0.246470 -0.345045   \n",
       "\n",
       "           최소상대습도    평균상대습도     평균증기압      가조시간    합계일조시간     합계일사량   평균중하층운량  \\\n",
       "평균기온     0.558509  0.574237  0.929535  0.829407  0.084330  0.514780  0.209565   \n",
       "최저기온     0.625686  0.623769  0.951118  0.819128  0.005895  0.442733  0.283630   \n",
       "최고기온     0.478166  0.517314  0.894802  0.824764  0.176399  0.586170  0.114361   \n",
       "강수계속시간   0.673910  0.653946  0.232192  0.139039 -0.734401 -0.539315  0.743378   \n",
       "일강수량     0.585312  0.554996  0.304624  0.180424 -0.517782 -0.368077  0.536074   \n",
       "최대풍속    -0.015311 -0.110614 -0.112024  0.038099 -0.052353 -0.057740  0.172527   \n",
       "평균풍속    -0.014663 -0.169059 -0.101554  0.071353 -0.027070 -0.020263  0.145119   \n",
       "최소상대습도   1.000000  0.916292  0.693300  0.445722 -0.581283 -0.226846  0.756550   \n",
       "평균상대습도   0.916292  1.000000  0.653580  0.433446 -0.524142 -0.176351  0.700541   \n",
       "평균증기압    0.693300  0.653580  1.000000  0.769160 -0.041482  0.344304  0.329981   \n",
       "가조시간     0.445722  0.433446  0.769160  1.000000  0.132722  0.625699  0.190557   \n",
       "합계일조시간  -0.581283 -0.524142 -0.041482  0.132722  1.000000  0.816203 -0.840008   \n",
       "합계일사량   -0.226846 -0.176351  0.344304  0.625699  0.816203  1.000000 -0.528548   \n",
       "평균중하층운량  0.756550  0.700541  0.329981  0.190557 -0.840008 -0.528548  1.000000   \n",
       "평균지면온도   0.513563  0.512513  0.931368  0.858912  0.167759  0.586644  0.146630   \n",
       "합계대형증발량 -0.090517 -0.064500  0.520374  0.715572  0.686421  0.938820 -0.380871   \n",
       "합계소형증발량 -0.089878 -0.063929  0.520966  0.716338  0.686199  0.938790 -0.380023   \n",
       "PM10    -0.373556 -0.213867 -0.357997 -0.227157  0.121753  0.021719 -0.222493   \n",
       "\n",
       "           평균지면온도   합계대형증발량   합계소형증발량      PM10  \n",
       "평균기온     0.986032  0.692666  0.693142 -0.248731  \n",
       "최저기온     0.978177  0.630870  0.631322 -0.299753  \n",
       "최고기온     0.979623  0.744870  0.745307 -0.191708  \n",
       "강수계속시간   0.052615 -0.419772 -0.419313 -0.319768  \n",
       "일강수량     0.137682 -0.273638 -0.272771 -0.287068  \n",
       "최대풍속    -0.120598 -0.011702 -0.011592 -0.246470  \n",
       "평균풍속    -0.103934  0.011771  0.011771 -0.345045  \n",
       "최소상대습도   0.513563 -0.090517 -0.089878 -0.373556  \n",
       "평균상대습도   0.512513 -0.064500 -0.063929 -0.213867  \n",
       "평균증기압    0.931368  0.520374  0.520966 -0.357997  \n",
       "가조시간     0.858912  0.715572  0.716338 -0.227157  \n",
       "합계일조시간   0.167759  0.686421  0.686199  0.121753  \n",
       "합계일사량    0.586644  0.938820  0.938790  0.021719  \n",
       "평균중하층운량  0.146630 -0.380871 -0.380023 -0.222493  \n",
       "평균지면온도   1.000000  0.749040  0.749394 -0.283255  \n",
       "합계대형증발량  0.749040  1.000000  0.999958 -0.051641  \n",
       "합계소형증발량  0.749394  0.999958  1.000000 -0.050728  \n",
       "PM10    -0.283255 -0.051641 -0.050728  1.000000  "
      ]
     },
     "execution_count": 44,
     "metadata": {},
     "output_type": "execute_result"
    }
   ],
   "source": [
    "result.iloc[:,6:-1].corr()"
   ]
  },
  {
   "cell_type": "code",
   "execution_count": 41,
   "metadata": {},
   "outputs": [],
   "source": [
    "a = np.array(result.iloc[:,6:-1])"
   ]
  },
  {
   "cell_type": "code",
   "execution_count": 42,
   "metadata": {},
   "outputs": [
    {
     "data": {
      "text/plain": [
       "array([[-0.29705431, -4.38281467,  4.83409884, ...,  1.27942641,\n",
       "         1.84183281, 40.60973813],\n",
       "       [-0.29705431, -4.38281467,  4.83409884, ...,  1.27942641,\n",
       "         1.84183281, 40.60973813],\n",
       "       [-0.29705431, -4.38281467,  4.83409884, ...,  1.27942641,\n",
       "         1.84183281, 40.60973813],\n",
       "       ...,\n",
       "       [-2.8458605 , -8.50903069,  3.02661828, ...,  1.33433907,\n",
       "         1.91289882, 40.29137043],\n",
       "       [-2.8458605 , -8.50903069,  3.02661828, ...,  1.33433907,\n",
       "         1.91289882, 40.29137043],\n",
       "       [-2.8458605 , -8.50903069,  3.02661828, ...,  1.33433907,\n",
       "         1.91289882, 40.29137043]])"
      ]
     },
     "execution_count": 42,
     "metadata": {},
     "output_type": "execute_result"
    }
   ],
   "source": [
    "a"
   ]
  },
  {
   "cell_type": "code",
   "execution_count": 70,
   "metadata": {},
   "outputs": [],
   "source": [
    "bar = result.iloc[:,1:6]\n",
    "bar = bar.groupby(['date','sm_pr']).sum()['quant']\n",
    "bar = bar.reset_index()"
   ]
  },
  {
   "cell_type": "code",
   "execution_count": 45,
   "metadata": {},
   "outputs": [],
   "source": [
    "figu = px.imshow(result.iloc[:,6:-1].corr())"
   ]
  },
  {
   "cell_type": "code",
   "execution_count": 71,
   "metadata": {},
   "outputs": [
    {
     "name": "stdout",
     "output_type": "stream",
     "text": [
      "Dash is running on http://192.168.0.65:80/\n",
      "\n",
      "Dash is running on http://192.168.0.65:80/\n",
      "\n",
      "Dash is running on http://192.168.0.65:80/\n",
      "\n",
      "Dash is running on http://192.168.0.65:80/\n",
      "\n",
      "Dash is running on http://192.168.0.65:80/\n",
      "\n",
      "Dash is running on http://192.168.0.65:80/\n",
      "\n",
      "Dash is running on http://192.168.0.65:80/\n",
      "\n",
      "Dash is running on http://192.168.0.65:80/\n",
      "\n",
      "Dash is running on http://192.168.0.65:80/\n",
      "\n",
      "Dash is running on http://192.168.0.65:80/\n",
      "\n",
      "Dash is running on http://192.168.0.65:80/\n",
      "\n",
      "Dash is running on http://192.168.0.65:80/\n",
      "\n",
      "Dash is running on http://192.168.0.65:80/\n",
      "\n",
      "Dash is running on http://192.168.0.65:80/\n",
      "\n",
      "Dash is running on http://192.168.0.65:80/\n",
      "\n",
      "Dash is running on http://192.168.0.65:80/\n",
      "\n",
      "Dash is running on http://192.168.0.65:80/\n",
      "\n",
      "Dash is running on http://192.168.0.65:80/\n",
      "\n",
      " * Serving Flask app '__main__' (lazy loading)\n",
      " * Environment: production\n",
      "\u001b[31m   WARNING: This is a development server. Do not use it in a production deployment.\u001b[0m\n",
      "\u001b[2m   Use a production WSGI server instead.\u001b[0m\n",
      " * Debug mode: off\n"
     ]
    },
    {
     "name": "stderr",
     "output_type": "stream",
     "text": [
      " * Running on http://192.168.0.65:80/ (Press CTRL+C to quit)\n",
      "192.168.0.65 - - [31/May/2021 12:42:13] \"GET / HTTP/1.1\" 200 -\n",
      "192.168.0.65 - - [31/May/2021 12:42:13] \"GET /_dash-dependencies HTTP/1.1\" 200 -\n",
      "192.168.0.65 - - [31/May/2021 12:42:14] \"GET /_favicon.ico?v=1.20.0 HTTP/1.1\" 200 -\n",
      "192.168.0.65 - - [31/May/2021 12:42:15] \"GET /_dash-layout HTTP/1.1\" 200 -\n"
     ]
    },
    {
     "name": "stdout",
     "output_type": "stream",
     "text": [
      "Exception on /_dash-update-component [POST]\n",
      "Traceback (most recent call last):\n",
      "  File \"C:\\Users\\admin\\Anaconda3\\lib\\site-packages\\flask\\app.py\", line 2051, in wsgi_app\n",
      "    response = self.full_dispatch_request()\n",
      "  File \"C:\\Users\\admin\\Anaconda3\\lib\\site-packages\\flask\\app.py\", line 1501, in full_dispatch_request\n",
      "    rv = self.handle_user_exception(e)\n",
